MEMORY
  total           14997 KB
  struct            159 KB
  buffer            502 KB
  arena           14336 KB, used 0.2%

SIZES
  narena                14680064
  nbuffer               514208
  nplugin               0
  maxuse_stack          2368
  maxuse_arena          30656
  maxuse_con            4
  maxuse_efc            20
  ncon                  4
  ne                    0
  nf                    4
  nl                    0
  nefc                  20
  nJ                    200
  nA                    0
  nisland               1
  nidof                 10
  ntree_awake           1
  nbody_awake           6
  nparent_awake         5
  nv_awake              10
  flg_energypos         0
  flg_energyvel         0
  flg_subtreevel        0
  flg_rnepost           1
  threadpool            0

TIMER
    0:  duration =  0.37       number = 6
    1:  duration =  0.36       number = 6
    2:  duration =  0          number = 0
    3:  duration =  0.29       number = 6
    4:  duration =  0.013      number = 6
    5:  duration =  0.0033     number = 6
    6:  duration =  0.04       number = 6
    7:  duration =  0.0039     number = 6
    8:  duration =  0.031      number = 6
    9:  duration =  0.012      number = 6
    10:  duration =  0.19       number = 6
    11:  duration =  0.041      number = 6
    12:  duration =  0.00044    number = 6
    13:  duration =  0.014      number = 6
    14:  duration =  0.038      number = 6

SOLVER STAT
  solver_fwdinv =   0         0       
  ISLAND 0
    solver_niter = 1
    solver_nnz = 100
      0:  improvement = -3.4e-15     gradient =  4.3e-16     lineslope =  0       
          nactive = 20   nchange = 0   neval = 2   nupdate = 0

ENERGY =   0         0       

TIME =  6       

QPOS
  -2.5e-06 
  -5.8e-07 
   0.23    
   1       
   1.2e-06 
  -1.4e-06 
   9.1e-07 
   0.0014  
  -0.0014  
   0.0015  
  -0.0014  

QVEL
  -5.5e-07 
   2.2e-10 
  -2.7e-07 
  -1.8e-09 
  -1.7e-08 
   5.2e-07 
   0.00028 
  -0.00027 
   0.00029 
  -0.00028 

QACC_WARMSTART
  -1.1e-07 
   3.3e-11 
  -2.6e-08 
  -2.3e-10 
  -4.3e-09 
   8.6e-08 
   1.3e-05 
  -1.2e-05 
   1.4e-05 
  -1.4e-05 

CTRL
   0       
  -0       
  -0       
   0       

QFRC_APPLIED
   0       
   0       
   0       
   0       
   0       
   0       
   0       
   0       
   0       
   0       

XFRC_APPLIED
   0         0         0         0         0         0       
   0         0         0         0         0         0       
   0         0         0         0         0         0       
   0         0         0         0         0         0       
   0         0         0         0         0         0       
   0         0         0         0         0         0       

QACC
  -1.1e-07 
   3.3e-11 
  -2.6e-08 
  -2.3e-10 
  -4.3e-09 
   8.6e-08 
   1.3e-05 
  -1.2e-05 
   1.4e-05 
  -1.4e-05 

SENSOR
  -1.8e-09 
  -1.7e-08 
   5.2e-07 
   2.8e-05 
   2.4e-05 
   9.8     
   1       
   1.2e-06 
  -1.4e-06 
   9.1e-07 

TREE_ASLEEP
  -11

XPOS
   0         0         0       
  -2.5e-06  -5.8e-07   0.23    
   0.25     -0.29      0.16    
   0.25      0.29      0.16    
  -0.25      0.29      0.16    
  -0.25     -0.29      0.16    

XQUAT
   1         0         0         0       
   1         1.2e-06  -1.4e-06   9.1e-07 
   0.0008    1         3.4e-07  -0.00072 
   1         1.2e-06   0.00071   9.1e-07 
   1         1.2e-06  -0.00074   9.1e-07 
   0.0008    1         1.5e-06   0.00072 

XMAT
   1         0         0         0         1         0         0         0         1       
   1        -1.8e-06  -2.9e-06   1.8e-06   1        -2.5e-06   2.9e-06   2.5e-06   1       
   1         1.8e-06  -0.0014   -4.7e-07  -1        -0.0016   -0.0014    0.0016   -1       
   1        -1.8e-06   0.0014    1.8e-06   1        -2.5e-06  -0.0014    2.5e-06   1       
   1        -1.8e-06  -0.0015    1.8e-06   1        -2.5e-06   0.0015    2.5e-06   1       
   1         1.8e-06   0.0014    4.1e-06  -1        -0.0016    0.0014    0.0016   -1       

XIPOS
   0         0         0       
  -2.5e-06  -5.8e-07   0.23    
   0.25     -0.29      0.16    
   0.25      0.29      0.16    
  -0.25      0.29      0.16    
  -0.25     -0.29      0.16    

XIMAT
   1         0         0         0         1         0         0         0         1       
   1        -1.8e-06  -2.9e-06   1.8e-06   1        -2.5e-06   2.9e-06   2.5e-06   1       
   1         1.8e-06  -0.0014   -4.7e-07  -1        -0.0016   -0.0014    0.0016   -1       
   1        -1.8e-06   0.0014    1.8e-06   1        -2.5e-06  -0.0014    2.5e-06   1       
   1        -1.8e-06  -0.0015    1.8e-06   1        -2.5e-06   0.0015    2.5e-06   1       
   1         1.8e-06   0.0014    4.1e-06  -1        -0.0016    0.0014    0.0016   -1       

XANCHOR
  -2.5e-06  -5.8e-07   0.23    
   0.25     -0.29      0.16    
   0.25      0.29      0.16    
  -0.25      0.29      0.16    
  -0.25     -0.29      0.16    

XAXIS
   0         0         1       
  -1.8e-06   1        -0.0016  
   1.8e-06  -1        -2.5e-06 
   1.8e-06  -1        -2.5e-06 
  -1.8e-06   1        -0.0016  

GEOM_XPOS
   0         0         0       
   0.0032   -3.5e-06   0.24    
   0.0032   -3.5e-06   0.24    
   0.25     -0.29      0.16    
   0.25     -0.29      0.16    
   0.25      0.29      0.16    
   0.25      0.29      0.16    
  -0.25      0.29      0.16    
  -0.25      0.29      0.16    
  -0.25     -0.29      0.16    
  -0.25     -0.29      0.16    

GEOM_XMAT
   1         0         0         0         1         0         0         0         1       
  -0.0019    0.00057   1        -6e-05    -1         0.00057   1        -5.9e-05   0.0019  
  -0.0019    0.00057   1        -6e-05    -1         0.00057   1        -5.9e-05   0.0019  
   2.5e-06  -0.9       0.44     -1        -0.0007   -0.0014    0.0016   -0.44     -0.9     
   2.5e-06  -0.9       0.44     -1        -0.0007   -0.0014    0.0016   -0.44     -0.9     
  -1.9e-06  -0.76     -0.65      1        -1.5e-06  -1.1e-06  -1.5e-07  -0.65      0.76    
  -1.9e-06  -0.76     -0.65      1        -1.5e-06  -1.1e-06  -1.5e-07  -0.65      0.76    
  -1.2e-06  -0.9       0.44      1        -2.7e-06  -2.9e-06   3.8e-06   0.44      0.9     
  -1.2e-06  -0.9       0.44      1        -2.7e-06  -2.9e-06   3.8e-06   0.44      0.9     
   1.8e-06  -0.76     -0.65     -1         0.001    -0.0012    0.0016    0.65     -0.76    
   1.8e-06  -0.76     -0.65     -1         0.001    -0.0012    0.0016    0.65     -0.76    

SITE_XPOS
  -2.7e-06  -7e-07     0.28    
   0.32     -2.6e-07   0.35    
  -0.33     -1.4e-06   0.35    

SITE_XMAT
   1        -1.8e-06  -2.9e-06   1.8e-06   1        -2.5e-06   2.9e-06   2.5e-06   1       
   1        -1.8e-06  -2.9e-06   1.8e-06   1        -2.5e-06   2.9e-06   2.5e-06   1       
   1        -1.8e-06  -2.9e-06   1.8e-06   1        -2.5e-06   2.9e-06   2.5e-06   1       

LIGHT_XPOS
  -2.5e-06  -5.1e-07   2.2     

LIGHT_XDIR
   0         0        -1       

SUBTREE_COM
  -2.5e-06  -5.1e-07   0.21    
  -2.5e-06  -5.1e-07   0.21    
   0.25     -0.29      0.16    
   0.25      0.29      0.16    
  -0.25      0.29      0.16    
  -0.25     -0.29      0.16    

CDOF
   0         0         0         1         0         0       
   0         0         0         0         1         0       
   0         0         0         0         0         1       
   1         1.8e-06   2.9e-06  -5e-08     0.027     6.7e-08 
  -1.8e-06   1         2.5e-06  -0.027    -5e-08    -7.9e-08 
  -2.9e-06  -2.5e-06   1        -3.2e-18   1.1e-17   1.9e-23 
  -1.8e-06   1        -0.0016    0.043     0.0004    0.25    
   1.8e-06  -1        -2.5e-06  -0.043     5.3e-07  -0.25    
   1.8e-06  -1        -2.5e-06  -0.043    -6.9e-07   0.25    
  -1.8e-06   1        -0.0016    0.043    -0.0004   -0.25    

CINERT
   0         0         0         0         0         0         0         0         0         0       
   2.3       5.1       3.4      -5.1e-06  -3.2e-06   4.2e-06  -4e-06    -3.4e-06   1.4       50      
   0.81      0.65      1.3       0.58      0.085    -0.1       2        -2.3      -0.34      8       
   0.81      0.65      1.3      -0.58      0.085     0.1       2         2.3      -0.34      8       
   0.81      0.65      1.3       0.58     -0.085     0.1      -2         2.3      -0.34      8       
   0.81      0.65      1.3      -0.58     -0.085    -0.1      -2        -2.3      -0.34      8       

ACTUATOR_LENGTH
   0.0014  
  -0.0014  
   0.0015  
  -0.0014  

actuator_moment
------------
       x    |
        x   |
         x  |
          x |
------------

ACTUATOR_MOMENT
     6:  1       
     7:  1       
     8:  1       
     9:  1       

CRB
   0         0         0         0         0         0         0         0         0         0       
   5.6       7.7       8.6      -3.9e-06  -8.8e-06  -6.3e-05  -4.4e-16   8.9e-16  -1.1e-15   82      
   0.81      0.65      1.3       0.58      0.085    -0.1       2        -2.3      -0.34      8       
   0.81      0.65      1.3      -0.58      0.085     0.1       2         2.3      -0.34      8       
   0.81      0.65      1.3       0.58     -0.085     0.1      -2         2.3      -0.34      8       
   0.81      0.65      1.3      -0.58     -0.085    -0.1      -2        -2.3      -0.34      8       

QM
   82      
   0         82      
   0         0         82      
  -4.1e-06   2.2       5.5e-06   5.6     
  -2.2      -4.1e-06  -6.5e-06   3e-16     7.8     
  -1.1e-15   4.9e-16  -2.1e-21   1.6e-16  -6.1e-05   8.6     
   0         0         0         1.1e-16   0.14     -0.00022   0.17    
   0         0         0         3.1e-17  -0.14      1.4e-17             0.17    
   0         0         0         3.1e-17  -0.14      1.3e-17                       0.17    
   0         0         0         9.1e-19   0.14     -0.00022                                 0.17    

M
     0:  82      
     0:  0          1:  82      
     0:  0          1:  0          2:  82      
     0: -4.1e-06    1:  2.2        2:  5.5e-06    3:  5.6     
     0: -2.2        1: -4.1e-06    2: -6.5e-06    3:  3e-16      4:  7.8     
     0: -1.1e-15    1:  4.9e-16    2: -2.1e-21    3:  1.6e-16    4: -6.1e-05    5:  8.6     
     0:  0          1:  0          2:  0          3:  1.1e-16    4:  0.14       5: -0.00022    6:  0.17    
     0:  0          1:  0          2:  0          3:  3.1e-17    4: -0.14       5:  1.4e-17    7:  0.17    
     0:  0          1:  0          2:  0          3:  3.1e-17    4: -0.14       5:  1.3e-17    8:  0.17    
     0:  0          1:  0          2:  0          3:  9.1e-19    4:  0.14       5: -0.00022    9:  0.17    

QLD
     0:  81      
     0:  4.7e-09    1:  81      
     0: -2.4e-08    1: -2.7e-08    2:  82      
     0: -7.3e-07    1:  0.4        2:  9.8e-07    3:  5.6     
     0: -0.31       1: -5.6e-07    2: -8.8e-07    3:  3.5e-17    4:  7.3     
     0: -1.3e-16    1:  5.7e-17    2: -2.5e-22    3:  1.8e-17    4:  3.4e-05    5:  8.6     
     0:  0          1:  0          2:  0          3:  6.7e-16    4:  0.82       5: -0.0013     6:  0.17    
     0:  0          1:  0          2:  0          3:  1.9e-16    4: -0.82       5:  8.3e-17    7:  0.17    
     0:  0          1:  0          2:  0          3:  1.9e-16    4: -0.82       5:  8.1e-17    8:  0.17    
     0:  0          1:  0          2:  0          3:  5.5e-18    4:  0.82       5: -0.0013     9:  0.17    

QLDIAGINV
   0.012   
   0.012   
   0.012   
   0.18    
   0.14    
   0.12    
   6       
   6       
   6       
   6       

M: inertia structure
------------
 x          |
 xx         |
 xxx        |
 xxxx       |
 xxxxx      |
 xxxxxx     |
 xxxxxxx    |
 xxxxxx x   |
 xxxxxx  x  |
 xxxxxx   x |
------------

iM: block-diagonal inertia (nnzs are island ids)
------------
 0          |
 00         |
 000        |
 0000       |
 00000      |
 000000     |
 0000000    |
 000000 0   |
 000000  0  |
 000000   0 |
------------

TREE_AWAKE
  1

BODY_AWAKE
  -1 1 1 1 1 1

BODY_AWAKE_IND
  0 1 2 3 4 5

PARENT_AWAKE_IND
  1 2 3 4 5

DOF_AWAKE_IND
  0 1 2 3 4 5 6 7 8 9

CONTACT
  0:
     dim           3
     geoms         floor : 4
     exclude       0
     efc_address   4
     solref         0.02      1       
     solimp         0.9       0.95      0.001     0.5       2       
     dist          -0.00022 
     includemargin  0       
     pos            0.25     -0.29     -0.00011 
     frame          0         0         1         0         1         0        -1         0         0       
     friction       1         1         0.005     0.0001    0.0001  
     mu             1       
     force          2e+02    -0.0025   -0.89      0         0         0       
  1:
     dim           3
     geoms         floor : 6
     exclude       0
     efc_address   8
     solref         0.02      1       
     solimp         0.9       0.95      0.001     0.5       2       
     dist          -0.00022 
     includemargin  0       
     pos            0.25      0.29     -0.00011 
     frame          0         0         1         0         1         0        -1         0         0       
     friction       1         1         0.005     0.0001    0.0001  
     mu             1       
     force          2e+02    -0.0025   -0.88      0         0         0       
  2:
     dim           3
     geoms         floor : 8
     exclude       0
     efc_address   12
     solref         0.02      1       
     solimp         0.9       0.95      0.001     0.5       2       
     dist          -0.00022 
     includemargin  0       
     pos           -0.25      0.29     -0.00011 
     frame          0         0         1         0         1         0        -1         0         0       
     friction       1         1         0.005     0.0001    0.0001  
     mu             1       
     force          2e+02     0.0025    0.89      0         0         0       
  3:
     dim           3
     geoms         floor : 10
     exclude       0
     efc_address   16
     solref         0.02      1       
     solimp         0.9       0.95      0.001     0.5       2       
     dist          -0.00022 
     includemargin  0       
     pos           -0.25     -0.29     -0.00011 
     frame          0         0         1         0         1         0        -1         0         0       
     friction       1         1         0.005     0.0001    0.0001  
     mu             1       
     force          2e+02     0.0025    0.88      0         0         0       

EFC_TYPE
  1
  1
  1
  1
  6
  6
  6
  6
  6
  6
  6
  6
  6
  6
  6
  6
  6
  6
  6
  6

EFC_ID
  6
  7
  8
  9
  0
  0
  0
  0
  1
  1
  1
  1
  2
  2
  2
  2
  3
  3
  3
  3

EFC_J
   0         0         0         0         0         0         1         0         0         0       
   0         0         0         0         0         0         0         1         0         0       
   0         0         0         0         0         0         0         0         1         0       
   0         0         0         0         0         0         0         0         0         1       
   0         1         1        -0.055    -0.25      0.25      0.00096   0         0         0       
   0        -1         1        -0.53     -0.25     -0.25      0.00095   0         0         0       
  -1         0         1        -0.29     -0.013    -0.29      0.17      0         0         0       
   1         0         1        -0.29     -0.48      0.29     -0.16      0         0         0       
   0         1         1         0.53     -0.25      0.25      0        -0.00095   0         0       
   0        -1         1         0.058    -0.25     -0.25      0        -0.00095   0         0       
  -1         0         1         0.29     -0.013     0.29      0        -0.17      0         0       
   1         0         1         0.29     -0.48     -0.29      0         0.16      0         0       
   0         1         1         0.53      0.25     -0.25      0         0         0.00096   0       
   0        -1         1         0.055     0.25      0.25      0         0         0.00096   0       
  -1         0         1         0.29      0.48      0.29      0         0        -0.16      0       
   1         0         1         0.29      0.013    -0.29      0         0         0.17      0       
   0         1         1        -0.058     0.25     -0.25      0         0         0        -0.00096 
   0        -1         1        -0.53      0.25      0.25      0         0         0        -0.00095 
  -1         0         1        -0.29      0.48     -0.29      0         0         0         0.16    
   1         0         1        -0.29      0.013     0.29      0         0         0        -0.17    

IEFC_J
   0         0         0         0         0         0         1         0         0         0       
   0         0         0         0         0         0         0         1         0         0       
   0         0         0         0         0         0         0         0         1         0       
   0         0         0         0         0         0         0         0         0         1       
   0         1         1        -0.055    -0.25      0.25      0.00096   0         0         0       
   0        -1         1        -0.53     -0.25     -0.25      0.00095   0         0         0       
  -1         0         1        -0.29     -0.013    -0.29      0.17      0         0         0       
   1         0         1        -0.29     -0.48      0.29     -0.16      0         0         0       
   0         1         1         0.53     -0.25      0.25      0        -0.00095   0         0       
   0        -1         1         0.058    -0.25     -0.25      0        -0.00095   0         0       
  -1         0         1         0.29     -0.013     0.29      0        -0.17      0         0       
   1         0         1         0.29     -0.48     -0.29      0         0.16      0         0       
   0         1         1         0.53      0.25     -0.25      0         0         0.00096   0       
   0        -1         1         0.055     0.25      0.25      0         0         0.00096   0       
  -1         0         1         0.29      0.48      0.29      0         0        -0.16      0       
   1         0         1         0.29      0.013    -0.29      0         0         0.17      0       
   0         1         1        -0.058     0.25     -0.25      0         0         0        -0.00096 
   0        -1         1        -0.53      0.25      0.25      0         0         0        -0.00095 
  -1         0         1        -0.29      0.48     -0.29      0         0         0         0.16    
   1         0         1        -0.29      0.013     0.29      0         0         0        -0.17    

EFC_POS
   0       
   0       
   0       
   0       
  -0.00022 
  -0.00022 
  -0.00022 
  -0.00022 
  -0.00022 
  -0.00022 
  -0.00022 
  -0.00022 
  -0.00022 
  -0.00022 
  -0.00022 
  -0.00022 
  -0.00022 
  -0.00022 
  -0.00022 
  -0.00022 

EFC_MARGIN
   0       
   0       
   0       
   0       
   0       
   0       
   0       
   0       
   0       
   0       
   0       
   0       
   0       
   0       
   0       
   0       
   0       
   0       
   0       
   0       

EFC_FRICTIONLOSS
   0.3     
   0.3     
   0.3     
   0.3     
   0       
   0       
   0       
   0       
   0       
   0       
   0       
   0       
   0       
   0       
   0       
   0       
   0       
   0       
   0       
   0       

EFC_DIAGAPPROX
   6.1     
   6.1     
   6.1     
   6.1     
   0.1     
   0.1     
   0.1     
   0.1     
   0.1     
   0.1     
   0.1     
   0.1     
   0.1     
   0.1     
   0.1     
   0.1     
   0.1     
   0.1     
   0.1     
   0.1     

EFC_KBIP
   0         1.1e+02   0.9       0       
   0         1.1e+02   0.9       0       
   0         1.1e+02   0.9       0       
   0         1.1e+02   0.9       0       
   2.8e+03   1.1e+02   0.9      -44      
   2.8e+03   1.1e+02   0.9      -44      
   2.8e+03   1.1e+02   0.9      -44      
   2.8e+03   1.1e+02   0.9      -44      
   2.8e+03   1.1e+02   0.9      -44      
   2.8e+03   1.1e+02   0.9      -44      
   2.8e+03   1.1e+02   0.9      -44      
   2.8e+03   1.1e+02   0.9      -44      
   2.8e+03   1.1e+02   0.9      -44      
   2.8e+03   1.1e+02   0.9      -44      
   2.8e+03   1.1e+02   0.9      -44      
   2.8e+03   1.1e+02   0.9      -44      
   2.8e+03   1.1e+02   0.9      -44      
   2.8e+03   1.1e+02   0.9      -44      
   2.8e+03   1.1e+02   0.9      -44      
   2.8e+03   1.1e+02   0.9      -44      

EFC_D
   1.5     
   1.5     
   1.5     
   1.5     
   91      
   91      
   91      
   91      
   91      
   91      
   91      
   91      
   91      
   91      
   91      
   91      
   91      
   91      
   91      
   91      

EFC_R
   0.68    
   0.68    
   0.68    
   0.68    
   0.011   
   0.011   
   0.011   
   0.011   
   0.011   
   0.011   
   0.011   
   0.011   
   0.011   
   0.011   
   0.011   
   0.011   
   0.011   
   0.011   
   0.011   
   0.011   

ACTUATOR_VELOCITY
   0.00028 
  -0.00027 
   0.00029 
  -0.00028 

CVEL
   0         0         0         0         0         0       
  -1.8e-09  -1.7e-08   5.2e-07  -5.5e-07   1.7e-10  -2.7e-07 
  -2.4e-09   0.00028   7.2e-08   1.2e-05   1.1e-07   6.9e-05 
  -2.3e-09   0.00027   5.2e-07   1.1e-05   2.4e-11   6.8e-05 
  -1.3e-09  -0.00029   5.1e-07  -1.3e-05  -2.7e-11   7.1e-05 
  -1.3e-09  -0.00028   9.6e-07  -1.3e-05   1.1e-07   6.9e-05 

CDOF_DOT
   0         0         0         0         0         0       
   0         0         0         0         0         0       
   0         0         0         0         0         0       
   0         0         0         4.9e-13  -2.7e-07  -2.2e-10 
   0        -0         0         2.7e-07   1.8e-12  -5.5e-07 
   0        -0         0         2.2e-10   5.5e-07   1.3e-12 
  -5.2e-07  -3.9e-12  -1.8e-09   2.6e-07   2.2e-08  -5.4e-07 
   5.2e-07   9.3e-13   1.8e-09  -2.6e-07  -2.3e-08   5.4e-07 
   5.2e-07   9.3e-13   1.8e-09  -2.7e-07  -2.2e-08   5.4e-07 
  -5.2e-07  -3.9e-12  -1.8e-09   2.7e-07   2.1e-08  -5.4e-07 

QFRC_BIAS
   2.1e-15 
   2e-14   
   8e+02   
   5.4e-05 
  -6.4e-05 
   3.4e-15 
   3.6e-15 
   0       
   0       
   0       

QFRC_SPRING
   0       
   0       
   0       
   0       
   0       
   0       
   0       
   0       
   0       
   0       

QFRC_DAMPER
   0       
   0       
   0       
   0       
   0       
   0       
   0       
   0       
   0       
   0       

QFRC_GRAVCOMP
   0       
   0       
   0       
   0       
   0       
   0       
   0       
   0       
   0       
   0       

QFRC_FLUID
   0       
   0       
   0       
   0       
   0       
   0       
   0       
   0       
   0       
   0       

QFRC_PASSIVE
   0       
   0       
   0       
   0       
   0       
   0       
   0       
   0       
   0       
   0       

EFC_VEL
   0.00028 
  -0.00027 
   0.00029 
  -0.00028 
   1.3e-07 
  -1.2e-07 
   4.6e-05 
  -4.6e-05 
   1.2e-07 
  -1.3e-07 
   4.6e-05 
  -4.6e-05 
  -1.3e-07 
   1.3e-07 
  -4.6e-05 
   4.6e-05 
  -1.3e-07 
   1.2e-07 
  -4.6e-05 
   4.6e-05 

EFC_AREF
  -0.029   
   0.029   
  -0.03    
   0.029   
   0.55    
   0.55    
   0.55    
   0.56    
   0.55    
   0.55    
   0.54    
   0.55    
   0.55    
   0.55    
   0.56    
   0.55    
   0.55    
   0.55    
   0.55    
   0.54    

SUBTREE_LINVEL
   0         0         0       
   0         0         0       
   0         0         0       
   0         0         0       
   0         0         0       
   0         0         0       

SUBTREE_ANGMOM
   0         0         0       
   0         0         0       
   0         0         0       
   0         0         0       
   0         0         0       
   0         0         0       

ACTUATOR_FORCE
  -0.0028  
   0.0027  
  -0.0029  
   0.0028  

QFRC_ACTUATOR
   0       
   0       
   0       
   0       
   0       
   0       
  -0.0028  
   0.0027  
  -0.0029  
   0.0028  

QFRC_SMOOTH
  -2.1e-15 
  -2e-14   
  -8e+02   
  -5.4e-05 
   6.4e-05 
  -3.4e-15 
  -0.0028  
   0.0027  
  -0.0029  
   0.0028  

QACC_SMOOTH
  -4.1e-07 
  -7.3e-13 
  -9.8     
  -1.6e-13 
  -1.5e-05 
   1.8e-09 
  -0.017   
   0.016   
  -0.017   
   0.017   

EFC_B
   0.013   
  -0.012   
   0.013   
  -0.013   
  -10      
  -10      
  -10      
  -10      
  -10      
  -10      
  -10      
  -10      
  -10      
  -10      
  -10      
  -10      
  -10      
  -10      
  -10      
  -10      

EFC_FORCE
  -0.043   
   0.042   
  -0.044   
   0.043   
   51      
   51      
   50      
   51      
   50      
   50      
   50      
   50      
   51      
   51      
   51      
   50      
   50      
   50      
   50      
   50      

EFC_STATE
  1
  1
  1
  1
  1
  1
  1
  1
  1
  1
  1
  1
  1
  1
  1
  1
  1
  1
  1
  1

QFRC_CONSTRAINT
  -9.1e-06 
   2.2e-09 
   8e+02   
   5.4e-05 
  -6.4e-05 
   7.4e-07 
   0.0028  
  -0.0027  
   0.0029  
  -0.0028  

QFRC_INVERSE
   0       
   0       
   0       
   0       
   0       
   0       
   0       
   0       
   0       
   0       

CACC
   0         0         0        -0        -0         9.8     
  -2.3e-10  -4.3e-09   8.6e-08  -1.1e-07   2.7e-11   9.8     
  -4e-10     1.3e-05   6.5e-08   4.6e-07   5.2e-09   9.8     
  -4e-10     1.2e-05   8.6e-08   4.2e-07   2.7e-11   9.8     
  -5.9e-11  -1.4e-05   8.6e-08  -7.3e-07   1.1e-11   9.8     
  -6.4e-11  -1.4e-05   1.1e-07  -7.1e-07   5.5e-09   9.8     

CFRC_INT
   2.8e-14   0        -2.2e-16  -1.9e-15   4.4e-15   2.3e-13 
   2.8e-14   0        -2.2e-16  -1.9e-15   4.4e-15   2.3e-13 
   36        31       -0.26     -0.89      0.0025   -1.2e+02 
  -36        30        0.26     -0.88      0.0025   -1.2e+02 
  -36       -31       -0.26      0.89     -0.0025   -1.2e+02 
   36       -30        0.26      0.88     -0.0025   -1.2e+02 

CFRC_EXT
   0         0         0         0         0         0       
   0         0         0         0         0         0       
  -59       -50        0.26      0.89     -0.0025    2e+02   
   59       -50       -0.26      0.88     -0.0025    2e+02   
   59        50        0.26     -0.89      0.0025    2e+02   
  -59        50       -0.26     -0.88      0.0025    2e+02   

TREE_ISLAND
  0

ISLAND_NTREE
  1

ISLAND_ITREEADR
  0

MAP_ITREE2TREE
  0

DOF_ISLAND            0 0 0 0 0 0 0 0 0 0

ISLAND_NV             10

ISLAND_IDOFADR        0

MAP_IDOF2DOF          0 1 2 3 4 5 6 7 8 9

EFC_ISLAND            0 0 0 0 0 0 0 0 0 0 0 0 0 0 0 0 0 0 0 0

ISLAND_NEFC           20

ISLAND_IEFCADR        0

MAP_IEFC2EFC          0 1 2 3 4 5 6 7 8 9 10 11 12 13 14 15 16 17 18 19

